#center_freq	mix_freq	i_dc	q_dc	phase	i_amp	q_amp freq1:power1 freq2:power2 for SSB
5815375000.000000 84375000.000000 -0.017888 -0.018280 -1.708659 0.919684 0.825945
5817375000.000000 84375000.000000 -0.017455 -0.017139 -1.711817 0.919895 0.825665
5819375000.000000 84375000.000000 -0.017139 -0.017139 -1.708659 0.919754 0.824542
5817375000.000000 84375000.000000 -0.018163 -0.018110 -1.710238 0.920947 0.827209 5732998500.000000:-27.432274 5901751500.000000:-77.857819
5817375000.000000 84375000.000000 -0.017888 -0.017139 -1.707080 0.920807 0.827138 5732998500.000000:-27.428867 5901751500.000000:-81.868698
5817375000.000000 84375000.000000 -0.018215 -0.017192 -1.700764 0.933298 0.836893 5732998500.000000:-27.337572 5901751500.000000:-87.881927
5817375000.000000 84375000.000000 -0.018227 -0.017139 -1.708185 0.933333 0.933333 5732998500.000000:-38.535000 5901751500.000000:-52.324711
5817375000.000000 84375000.000000 -0.018268 -0.017139 0.000000 0.000000 0.932947 5901751500.000000:-32.416786 5732998500.000000:-32.331406
5817375000.000000 84375000.000000 -0.018110 -0.017139 -1.707080 0.920386 0.825384 5901751500.000000:-80.699524 5732998500.000000:-27.506535
5817375000.000000 84375000.000000 -0.018596 -0.017139 -1.707080 0.926912 0.831700 5901751500.000000:-80.736115 5732998500.000000:-27.370609
5817375000.000000 84375000.000000 -0.018110 -0.017561 -1.707080 0.922000 0.827559 5901751500.000000:-81.096413 5732998500.000000:-27.402378
5817375000.000000 84375000.000000 -0.018268 -0.017403 -1.707080 0.920035 0.826226 5901751500.000000:-81.056007 5732998500.000000:-27.381802
5817375000.000000 84375000.000000 -0.018292 -0.017245 -1.707080 0.922632 0.828121 5901751500.000000:-81.572113 5732998500.000000:-27.361717
5817375000.000000 84375000.000000 -0.017941 -0.017613 -1.710238 0.919825 0.825314 5732998500.000000:-27.749786 5901751500.000000:-77.800323
5691375000.000000 84375000.000000 0.076169 0.719167 -1.618807 0.000000 0.000667 5606998500.000000:-25.629604 5775751500.000000:-108.288025
5691375000.000000 84375000.000000 -0.020139 -0.030699 -1.650281 0.920035 0.843559 5606998500.000000:-27.522230 5775751500.000000:-80.056030
5691375000.000000 84375000.000000 -0.020139 -0.030699 -1.648702 0.919404 0.843559 5606998500.000000:-27.522278 5775751500.000000:-82.663239
5691375000.000000 84375000.000000 -0.020087 -0.030752 -1.651860 0.919474 0.843559 5606998500.000000:-27.511440 5775751500.000000:-77.734825
5691375000.000000 84375000.000000 -0.020087 -0.030752 -1.650281 0.919754 0.843630 5606998500.000000:-27.513922 5775751500.000000:-80.011238
5691375000.000000 84375000.000000 -0.020087 -0.031952 -1.645544 0.919333 0.843630 5606998500.000000:-27.516777 5775751500.000000:-86.558083
5691375000.000000 84375000.000000 -0.020087 -0.030752 -1.650281 0.919474 0.843630 5606998500.000000:-27.509066 5775751500.000000:-79.249252
5084375000.000000 84375000.000000 -0.017900 -0.006584 -1.763712 0.408674 0.406218 4999998500.000000:-74.837311 5168751500.000000:-106.323814
5084375000.000000 84375000.000000 -0.018175 -0.006648 -1.762133 0.843489 0.816472 4999998500.000000:-49.191940 5168751500.000000:-88.626572
4805375000.000000 84375000.000000 -0.005274 -0.000597 -1.776343 0.933333 0.919614 4720998500.000000:-68.192818 4889751500.000000:-103.661285
4805375000.000000 84375000.000000 -0.011327 0.006753 -1.793606 0.933333 0.919333 4720998500.000000:-37.581230 4889751500.000000:-75.355492
4805375000.000000 84375000.000000 -0.012946 0.005952 -1.796764 0.933333 0.919474 4720998500.000000:-37.549213 4889751500.000000:-76.010330
4805375000.000000 84375000.000000 -0.010525 0.006753 -1.790448 0.933333 0.919333 4720998500.000000:-27.594267 4889751500.000000:-64.220467
4749125000.000000 28125000.000000 -0.027752 0.004935 -1.807817 0.919333 0.843489 4721001600.000000:-31.800165 4777248400.000000:-68.897827
4749125000.000000 28125000.000000 -0.024660 0.006543 -1.801501 0.919333 0.843630 4721001600.000000:-31.784168 4777248400.000000:-69.155266
4805375000.000000 84375000.000000 -0.023859 0.013473 -1.801501 0.786140 0.725111 4720998500.000000:-36.245777 4889751500.000000:-74.724724
4805375000.000000 84375000.000000 -0.043769 0.020139 -1.812554 0.812316 0.786351 4720998500.000000:-40.034103 4889751500.000000:-96.396736
4805375000.000000 84375000.000000 -0.037366 0.024596 -1.806238 0.933333 0.919404 4720998500.000000:-38.746445 4889751500.000000:-79.262367
4805375000.000000 84375000.000000 -0.037144 0.017245 -1.810975 0.919474 0.843630 4720998500.000000:-37.902393 4889751500.000000:-75.230118
6718245000.000000 84375000.000000 -0.034471 -0.140009 -1.921080 0.920386 0.843138 6633868500.000000:-38.910603 6802621500.000000:-88.348251
6718245000.000000 84375000.000000 -0.030473 -0.139852 -1.922659 0.919474 0.843349 6633868500.000000:-39.124691 6802621500.000000:-89.929131
6718245000.000000 84375000.000000 -0.026806 -0.140466 -1.924238 0.857232 0.785730 6633868500.000000:-39.762993 6802621500.000000:-104.311569
6549495000.000000 84375000.000000 -0.033104 -0.129202 1.911712 0.207030 0.185223 6633871500.000000:-52.245018 6465118500.000000:-101.511810
6465120000.000000 168750000.000000 -0.034418 -0.116877 1.886448 0.626938 0.559186 6633869000.000000:-42.815750 6296371000.000000:-88.493721
5032250000.000000 168750000.000000 -0.048418 -0.037418 1.733817 0.809091 0.742252 5200999000.000000:-38.093975 4863501000.000000:-80.242401
6000000000.000000 168750000.000000 -0.026325 -0.064050 1.821922 0.013719 0.011895 6168749000.000000:-52.678734 5831251000.000000:-94.460266
6000000000.000000 168750000.000000 -0.026325 -0.064050 1.829817 0.932667 0.815126 6168749000.000000:-16.345703 5831251000.000000:-70.050316
9954750000.000000 168750000.000000 -0.047857 -0.033570 1.799922 0.000316 0.000175 10123499000.000000:-63.872654 9786001000.000000:-60.993183
6000000000.000000 168750000.000000 -0.091058 -0.019468 1.693604 0.512659 0.933333 6168749000.000000:-50.978844 5831251000.000000:-70.409836