
7055750000.000000 168750000.000000 -0.000158 0.000637 0.000000 0.800000 0.768661 7224499000.000000:-12.919085 6887001000.000000:-13.157531
7055750000.000000 168750000.000000 -0.000158 0.000637 1.544000 0.850000 0.854250 6887001000.000000:-9.571400 7224499000.000000:-52.562729
7055750000.000000 168750000.000000 -0.000263 0.000637 1.544772 0.850000 0.617400 6887001000.000000 -3.803894 7224499000.000000 -20.489353
7055750000.000000 168750000.000000 -0.000263 0.000579 1.544772 0.800000 0.805707 6887001000.000000 -3.119162 7224499000.000000 -53.046196
7055750000.000000 168750000.000000 -0.000263 0.000532 1.546316 0.800000 0.785400 6887001000.000000 -3.274748 7224499000.000000 -41.253262
7055750000.000000 168750000.000000 -0.000263 0.000579 1.544772 0.800000 0.734020 6887001000.000000 -3.375134 7224499000.000000 -34.759304
6712570000.000000 168750000.000000 -0.000474 0.000263 1.544772 0.800000 0.805108 6543821000.000000 6.754184 6881319000.000000 -36.950310
7056650000.000000 168750000.000000 -0.000368 0.000579 1.539362 0.800000 0.804330 6887901000.000000 5.193389 7225399000.000000 -32.179623
7056650000.000000 168750000.000000 -0.000368 0.000474 1.539362 0.800000 0.734020 6887901000.000000 0.252002 7225399000.000000 -31.072277
7056650000.000000 168750000.000000 -0.000263 0.000637 1.538593 1.000000 1.091750 6887901000.000000 2.353688 7225399000.000000 -47.416584
7056650000.000000 168750000.000000 -0.000263 0.000637 1.537824 1.000000 0.980000 6887901000.000000 2.337433 7225399000.000000 -45.813019
7056650000.000000 168750000.000000 -0.000263 0.000579 1.538593 1.000000 0.640000 6887901000.000000 2.291022 7225399000.000000 -39.741737
7056650000.000000 168750000.000000 -0.000368 0.000579 1.539362 0.880000 0.888420 6887901000.000000 0.829096 7225399000.000000 -52.873657
7056650000.000000 168750000.000000 -0.000263 0.000579 1.539362 0.863000 0.689259 6887901000.000000 0.081931 7225399000.000000 -18.255173
6945180000.000000 168750000.000000 -0.000368 0.000368 1.538593 0.863000 0.864962 6776431000.000000 1.202880 7113929000.000000 -39.101479
6921000000.000000 168000000.000000 -0.000579 0.000263 1.539362 0.863000 0.854635 6752994000.000000 8.847544 7089006000.000000 -40.638371
6921000000.000000 488000000.000000 -0.000579 0.000263 1.490649 0.863000 0.882261 6433034000.000000 9.300707 7408966000.000000 -34.210747
6921000000.000000 488000000.000000 -0.000579 0.000263 1.491603 0.863000 0.882261 6433034000.000000 9.317205 7408966000.000000 -34.299664
6921000000.000000 377000000.000000 -0.000579 0.000263 1.500768 0.863000 0.873612 6544003000.000000 9.112230 7297997000.000000 -32.754448
6921000000.000000 377000000.000000 -0.000579 0.000263 1.503930 1.000000 0.981552 6544042000.000000 10.222474 7297958000.000000 -34.975464
6921000000.000000 488000000.000000 -0.000743 -0.000053 1.493097 1.000000 0.971587 6433034000.000000 10.363327 7409115000.000000 -33.988083
6921000000.000000 488000000.000000 -0.000637 0.000158 1.497581 1.000000 0.976950 6433034000.000000 10.349404 7409065000.000000 -34.191238
6921000000.000000 488000000.000000 -0.000637 0.000158 1.495339 1.000000 0.976500 6433034000.000000 10.296257 7409065000.000000 -40.367290
6921000000.000000 377000000.000000 -0.000579 0.000263 1.505270 1.000000 0.986000 6544003000.000000 10.222091 7297958000.000000 -38.837189
6921000000.000000 145000000.000000 -0.000579 0.000263 1.544000 1.000000 0.993000 6776005000.000000 9.954012 7065995000.000000 -65.264687
6921000000.000000 33000000.000000 -0.000579 0.000263 1.564091 1.000000 0.994500 6887999200.000000 9.992537 6953992300.000000 -66.662529
6921000000.000000 33000000.000000 -0.000637 0.000158 1.563309 1.000000 0.994000 6887999200.000000 13.631480 6954000800.000000 -41.584511
6921000000.000000 33330000.000000 -0.000579 0.000263 1.562528 1.000000 0.993500 6888001500.000000 13.651967 6953998500.000000 -56.252560
6921000000.000000 488000000.000000 -0.000637 -0.000053 1.474829 1.000000 0.972000 6433034000.000000 12.452567 7409016000.000000 -34.669735
6921000000.000000 488000000.000000 -0.000579 0.000263 1.460807 1.000000 0.970500 6433034000.000000 10.640721 7409065000.000000 -39.606850
6921000000.000000 488000000.000000 -0.000579 0.000158 1.460076 1.000000 0.970000 6433034000.000000 10.602003 7409065000.000000 -38.861240
6921000000.000000 377000000.000000 -0.000474 0.000263 1.482180 1.000000 0.983500 6544003000.000000 10.510948 7298035000.000000 -38.387302
6921000000.000000 145000000.000000 -0.000474 0.000263 1.536093 1.000000 0.991000 6776005000.000000 10.043909 7065995000.000000 -37.139496
6921000000.000000 33000000.000000 -0.000474 0.000263 1.541461 1.000000 0.993000 6887999200.000000 9.945945 6954000800.000000 -29.919079
6921000000.000000 33000000.000000 -0.000579 0.000158 1.561457 1.000000 0.994000 6887999200.000000 9.999580 6954000800.000000 -64.814575
6921000000.000000 33000000.000000 -0.000474 0.000263 1.562237 1.000000 0.993500 6887999200.000000 9.964647 6954000800.000000 -40.444935
6921000000.000000 145000000.000000 -0.000579 0.000263 1.536002 1.000000 0.991000 6776005000.000000 10.088064 7065995000.000000 -37.101231
6708000000.000000 97000000.000000 0.000263 0.001269 1.545244 1.000000 0.991500 6611009000.000000 7.462371 6805001000.000000 -41.318596
6708000000.000000 97000000.000000 0.000158 0.001164 1.546018 1.000000 1.015000 6611009000.000000 4.474202 6805001000.000000 -68.956871
6708000000.000000 97000000.000000 -0.000158 0.000848 1.545227 1.000000 1.040500 6611009000.000000 0.458187 6805001000.000000 -69.535973
6708000000.000000 97000000.000000 0.000263 0.001164 1.546000 1.000000 1.042000 6611009000.000000 4.513638 6805001000.000000 -83.939034
6708000000.000000 97000000.000000 0.000158 0.001058 1.546773 0.900000 0.899500 6610999000.000000 7.733167 6805001000.000000 -38.424755
6708000000.000000 97000000.000000 -0.000848 -0.000263 1.548319 0.900000 0.895000 6610999000.000000 -5.991112 6805001000.000000 -52.368389
1000000000.000000 97000000.000000 -0.001854 -0.000158 1.494371 0.900000 0.740000 1097001000.000000 -14.632763 902999000.000000 -16.594776
6000000000.000000 97000000.000000 -0.036269 0.099047 1.492122 0.900000 1.054000 6097001000.000000 -36.937618 5902999000.000000 -51.241127
6000000000.000000 97000000.000000 -0.039497 0.105579 -3.252020 0.900000 0.793500 5902999000.000000 -38.875263 6097001000.000000 -40.472290
6000000000.000000 97000000.000000 -0.041930 0.110713 -3.250402 0.900000 0.821500 5902999000.000000 -38.670170 6097001000.000000 -40.307465
6000000000.000000 97000000.000000 -0.044152 0.115053 1.724379 0.900000 0.868000 6097001000.000000 -37.451580 5902999000.000000 -78.806709
6000000000.000000 97000000.000000 -0.044421 0.115532 1.717462 0.900000 0.871500 6097001000.000000 -37.441620 5902999000.000000 -80.841637
6000000000.000000 97000000.000000 -0.044737 0.115848 1.711497 0.900000 0.873500 6097001000.000000 -37.406200 5902999000.000000 -77.157440
6000000000.000000 97000000.000000 0.067094 -0.133205 1.715750 0.900000 0.884500 6097001000.000000 -23.219284 5902999000.000000 -75.334038