-60.0
1060122.47946
117342.552709
-59.0
962198.168069
115063.56011
-58.0
1005543.964
117720.887634
-57.0
806035.611225
102814.797798
-56.0
853268.812773
113654.481089
-55.0
818566.595476
112243.711379
-54.0
813004.955849
121196.685597
-53.0
753863.005776
111056.731427
-52.0
710043.697697
108251.983517
-51.0
714587.165069
113392.428703
-50.0
672375.119873
110750.606692
-49.0
647012.92207
107260.998053
-48.0
633903.94199
110442.372409
-47.0
107804.090299
621101.933097
-46.0
595626.674025
104946.939332
-45.0
594655.188366
109086.927628
-44.0
565709.71196
102172.355533
-43.0
563571.628098
106024.89613
-42.0
572061.714599
107728.586723
-41.0
550926.370972
105344.802722
-40.0
549894.305263
105597.52624
-39.0
553498.575758
106129.575572
-38.0
547569.792672
106821.076331
-37.0
547847.99706
106314.314658
-36.0
544482.882091
106999.152546
-35.0
546298.503794
107257.469962
-34.0
535982.157041
105049.496295
-33.0
539348.437309
105801.451929
-32.0
105789.146514
535493.723274
-31.0
537443.638359
105635.930961
-30.0
535502.894556
106024.262511
-29.0
106338.582347
533746.128984
-28.0
533331.980473
106829.778073
-27.0
530508.741786
106320.030466
-26.0
530947.196041
106426.005221
-25.0
535219.559475
107269.912816
-24.0
532346.77543
106691.792854
-23.0
528507.933182
106300.894152
-22.0
526618.2904
106537.603383
-21.0
524162.659832
106207.828517
-20.0
526307.680931
106570.429459
-19.0
525532.627315
106552.242703
-18.0
521910.590536
106312.952572
-17.0
522768.242598
106342.957604
-16.0
519699.667147
106053.419261
-15.0
519635.499787
106153.881255
-14.0
517666.836335
106085.909429
-13.0
517414.797502
106154.193084
-12.0
106330.865482
517288.689022
-11.0
515622.41488
106020.721414
-10.0
556663.318049
104473.111286
-9.0
610444.956354
101413.569345
-8.0
668324.160806
98121.2171346
-7.0
728290.575437
95259.9657827
-6.0
793393.786935
92748.5373399
-5.0
867563.466205
90755.0337975
-4.0
963216.383355
88996.2244487
-3.0
1059562.43756
87906.2214649
-2.0
1128418.37623
87766.9432855
-1.0
1201149.88029
89754.1730468
0.0
1339396.35491
90887.7288445
1.0
5811.0111565
436.345317566
2.0
1551078.21997
89497.2755617
3.0
7736.10835574
-2358.30442122
4.0
4971.89523534
150.052521645
5.0
4225.12217641
287.814015828
6.0
-6164.00569053
-350.672939789
7.0
2146.29248956
2199.28671295
8.0
-3930.33041353
-4481.26483454
9.0
-2754209.77767
-26238.5875787
